Corrects: 565	Total: 600	Accuracy: 94.16666666666667
Corrects: 565	Total: 600	Accuracy: 94.16666666666667
